Team,AdjOE,AdjDE,BARTHAG,EFG%,EFGD%,TOR,TORD,ORB,DRB,ADJ T,Season,WAB
UC Santa Barbara,108.387,97.5121,0.77134,52.6,47.8,16.4,20.5,28.2,24.3,65.3456,2021,0.123402
Arkansas Pine Bluff,90.9951,114.47,0.0666493,43.2,54.1,22.5,18.4,27.2,32.2,67.6962,2021,-15.8722
Toledo,112.905,101.934,0.764147,54.0,48.5,15.6,17.4,29.7,30.8,68.7062,2021,-2.03578
Indiana,107.77,94.7601,0.814502,48.5,48.8,17.2,17.6,25.5,27.4,66.0943,2021,-1.3134
Louisiana,101.136,104.691,0.401956,50.3,48.4,20.4,17.2,32.2,27.9,70.9211,2021,0.0
Central Michigan,99.4865,111.304,0.215724,48.7,54.0,17.9,18.2,26.6,32.2,72.1099,2021,-12.387
Wright St.,106.942,97.2933,0.747895,54.4,45.1,18.0,16.7,34.2,25.1,71.1082,2021,-3.52399
UC Irvine,99.5684,94.3507,0.64999,47.3,45.6,18.9,18.2,31.1,24.7,67.5358,2021,-3.37572
Furman,108.45,100.953,0.69503,56.7,51.5,17.8,20.5,26.3,27.4,67.916,2021,-4.61496
UAB,102.545,94.6349,0.715689,48.6,47.0,15.6,23.6,29.0,25.4,67.2865,2021,-2.61717
Tulane,99.0148,98.1158,0.526197,44.2,49.7,16.6,22.1,22.9,30.6,67.1514,2021,-5.89275
FIU,96.9853,107.977,0.225373,50.5,53.9,20.9,21.5,25.8,33.6,70.3227,2021,-13.562
BYU,112.949,93.984,0.892237,54.9,46.9,19.0,15.7,28.7,23.4,67.8031,2021,3.55014
Illinois Chicago,93.2481,104.995,0.203512,49.7,48.0,18.9,14.2,23.7,27.6,68.3397,2021,-10.1842
Xavier,109.749,97.6019,0.793964,52.1,47.6,15.8,16.4,26.8,27.3,68.1393,2021,-0.764505
Charlotte,96.0888,103.962,0.287882,49.2,50.9,20.1,18.4,21.6,24.7,62.6578,2021,-11.5192
Canisius,98.668,107.118,0.279889,47.0,50.5,16.8,20.2,26.6,26.8,70.4805,2021,-4.75375
Wake Forest,101.935,101.178,0.52139,49.0,54.5,20.0,17.9,26.2,25.9,66.5678,2021,-7.09244
Florida Atlantic,102.269,101.337,0.526305,51.4,49.7,20.4,18.6,31.6,23.3,68.1033,2021,-7.21901
Northeastern,98.0425,98.6146,0.483281,51.6,48.3,19.5,17.2,20.2,26.3,67.0787,2021,-4.38914
Robert Morris,98.7138,111.487,0.197921,50.5,54.6,19.0,18.7,29.5,33.5,66.8081,2021,-12.2352
Seattle,98.2837,102.015,0.394476,46.5,50.5,15.7,21.7,26.3,30.1,69.1169,2021,-7.76245
Villanova,118.462,96.8015,0.910698,53.2,51.0,13.7,18.4,27.7,25.7,64.1365,2021,3.06474
Howard,96.1477,114.64,0.116807,51.1,53.5,18.5,12.6,20.4,31.2,70.5439,2021,-3.3803
Utah St.,104.324,90.3578,0.839272,49.8,45.6,20.1,19.5,35.3,21.4,68.7413,2021,-1.13157
Marist,93.0642,100.024,0.303787,49.1,45.7,21.4,18.0,23.0,25.4,66.0949,2021,-7.3764
Portland St.,93.0826,100.025,0.304236,44.4,50.8,20.0,22.7,30.5,23.6,69.0598,2021,-10.4971
Denver,94.5262,112.566,0.118306,49.8,55.8,20.9,19.0,22.0,26.1,70.6342,2021,-16.5065
Cal St. Northridge,100.445,111.4,0.233189,48.4,54.3,16.7,18.7,24.3,28.9,70.2404,2021,-9.49856
Maryland,111.89,94.8656,0.869681,53.2,48.7,16.7,16.8,20.6,26.5,64.7861,2021,0.0610263
Rice,102.55,105.818,0.410791,52.6,51.8,21.1,17.1,26.1,27.2,69.6656,2021,-7.52498
Abilene Christian,100.538,93.6594,0.693177,51.2,46.0,19.2,26.5,30.6,27.9,69.2719,2021,-1.06077
Rider,100.055,112.086,0.213181,48.3,53.3,18.3,17.2,26.2,26.7,67.7405,2021,-14.0097
Boston College,103.553,102.956,0.516611,49.8,55.5,19.1,18.7,25.4,28.7,71.3698,2021,-7.52688
Arizona,114.693,95.8949,0.886815,50.5,49.2,17.2,18.0,34.3,24.4,67.8775,2021,1.32823
Penn St.,111.133,96.1818,0.840452,47.9,53.0,16.3,19.7,31.9,24.8,68.8552,2021,-0.596788
Hawaii,101.307,104.664,0.407365,50.6,50.1,19.8,16.7,29.1,25.6,66.4964,2021,-7.03269
San Diego,98.0667,99.9259,0.446214,46.4,53.3,18.1,18.2,20.9,25.6,70.118,2021,-5.90957
UC Davis,97.0359,102.362,0.351035,48.2,53.0,20.4,23.4,26.9,27.6,69.281,2021,-5.65973
LSU,119.793,99.5261,0.893923,52.3,48.5,15.6,17.9,31.4,32.1,70.3404,2021,2.25985
St. Francis NY,101.092,113.643,0.206557,49.5,52.7,16.3,19.9,30.2,30.3,72.2182,2021,-8.71552
Fresno St.,100.834,102.145,0.462922,48.8,51.3,21.5,18.9,30.5,25.0,65.1977,2021,-6.11972
UMKC,96.2436,101.293,0.357077,51.2,52.3,19.6,22.5,21.6,24.6,62.4618,2021,-9.02053
Baylor,124.885,92.9193,0.967708,56.5,48.9,16.5,24.4,37.3,30.6,67.7334,2021,6.69108
Oral Roberts,107.797,104.28,0.594226,53.0,50.1,15.5,18.4,22.7,33.5,71.0499,2021,-4.93117
Ohio,110.545,99.6162,0.768019,54.7,50.8,17.1,19.2,28.6,26.6,69.127,2021,-1.99127
Winthrop,104.661,97.0938,0.703293,52.6,49.1,19.3,22.0,35.3,22.1,73.3325,2021,0.990974
Northern Illinois,94.8085,111.111,0.138873,44.4,54.7,20.2,16.8,32.6,31.3,65.5068,2021,-11.6559
Georgia Tech,113.785,96.1774,0.873614,54.1,52.4,16.1,22.7,24.4,30.4,67.2583,2021,1.84549
Kent St.,103.804,101.234,0.571582,50.8,49.6,19.3,17.6,34.2,28.6,69.4943,2021,-2.84165
High Point,96.4176,106.426,0.243096,45.8,52.4,18.6,20.1,32.0,28.2,66.133,2021,-11.8566
Weber St.,105.865,104.089,0.548492,56.4,49.9,17.2,18.9,22.4,24.5,71.5614,2021,-3.17751
Maine,86.559,102.794,0.121659,45.1,48.7,25.0,20.8,23.8,30.5,65.2509,2021,-5.6899
Sam Houston St.,100.412,102.45,0.442482,50.4,48.5,20.3,22.0,29.3,32.7,70.7937,2021,-4.3058
Incarnate Word,95.061,112.34,0.127795,50.3,52.1,20.6,18.5,23.0,32.2,64.6639,2021,-11.5659
SMU,108.733,97.3604,0.780824,52.2,47.3,19.8,20.2,30.1,29.2,69.2776,2021,0.17263
Richmond,109.698,98.0697,0.783918,53.1,52.2,15.0,21.6,20.3,28.7,68.5944,2021,-1.57886
Providence,107.553,95.239,0.801919,48.3,48.6,17.2,16.8,29.1,29.9,66.5144,2021,-2.07156
Louisville,106.515,95.1155,0.786119,47.8,48.4,17.2,16.6,32.0,26.2,65.9026,2021,1.21171
Davidson,112.444,102.086,0.752384,55.3,50.0,17.3,16.1,28.1,22.4,62.9236,2021,-2.26941
North Florida,100.568,113.26,0.203129,52.7,50.3,21.5,16.2,25.8,35.9,66.9818,2021,-11.1642
Missouri St.,105.967,99.2765,0.679175,54.2,47.5,18.2,14.2,23.8,22.2,68.8027,2021,-2.62291
Vanderbilt,108.067,100.278,0.702708,51.2,52.1,19.9,19.8,28.3,28.6,68.2846,2021,-6.05819
Utah Tech,92.3246,105.794,0.172771,45.5,52.0,20.9,19.7,24.7,32.6,72.7363,2021,-9.91223
Akron,107.035,102.964,0.609663,51.5,48.6,17.0,16.4,30.0,28.8,68.2082,2021,-3.1266
Bowling Green,103.677,102.953,0.520138,47.6,51.0,13.5,19.0,30.3,29.5,69.8897,2021,-5.50918
Memphis,104.584,86.9541,0.893119,50.9,44.4,21.7,22.0,33.5,23.7,71.5177,2021,-1.08701
Central Arkansas,97.9161,113.716,0.151831,49.3,53.9,23.9,15.4,28.9,28.5,71.2592,2021,-13.1725
Murray St.,103.947,103.109,0.523261,54.7,49.7,19.3,19.4,27.6,26.0,66.0522,2021,-10.2664
American,97.7704,105.854,0.286266,52.6,50.2,22.3,17.6,24.1,29.9,66.7717,2021,-4.50672
Notre Dame,113.272,103.451,0.739428,53.9,50.8,15.7,12.8,22.0,29.8,67.0832,2021,-3.69095
Creighton,112.587,93.63,0.892866,55.0,47.0,15.7,17.9,24.6,28.3,68.6286,2021,3.2547
Duke,114.869,97.0829,0.873756,53.6,51.3,18.4,19.9,32.2,29.0,68.2538,2021,-1.80153
Indiana St.,101.391,98.1375,0.592696,48.9,51.5,18.3,21.7,25.2,27.7,66.7411,2021,-3.69315
UCLA,115.948,95.5723,0.902253,52.0,50.4,15.7,17.5,30.5,25.1,63.7093,2021,2.63889
Pacific,102.911,98.4056,0.625926,47.9,51.6,16.5,18.2,27.5,23.6,66.3847,2021,-3.02074
Texas A&M,102.517,99.153,0.594761,47.7,53.1,22.4,22.7,32.8,30.1,64.6989,2021,-4.03643
North Texas,105.733,96.1865,0.748053,53.8,46.4,19.9,20.9,28.0,27.7,62.8699,2021,-2.42007
Nevada,107.823,100.715,0.686618,51.3,48.4,18.3,17.8,24.3,24.3,70.0715,2021,-2.79509
UTSA,106.117,104.966,0.531301,49.4,50.9,15.7,18.1,26.5,26.9,71.6511,2021,-6.11824
Hartford,97.0844,99.146,0.439881,49.9,47.7,19.6,20.1,24.7,29.0,67.0408,2021,-4.86792
Mississippi Valley St.,80.1531,119.893,0.00965464,43.6,55.0,24.2,14.9,18.1,35.8,72.1058,2021,-17.3328
Gardner Webb,104.575,105.289,0.480445,52.4,48.6,17.5,18.2,26.6,28.1,66.425,2021,-10.9372
Norfolk St.,98.2106,102.225,0.386816,48.7,47.5,17.6,20.5,27.7,29.3,67.5873,2021,-5.03645
Chattanooga,102.861,101.202,0.546618,50.4,51.9,15.9,18.8,22.6,25.1,66.5264,2021,-4.20959
Georgia Southern,95.2417,103.084,0.287008,48.0,51.0,21.4,22.1,30.4,31.0,66.6008,2021,-10.5278
Northern Arizona,97.248,112.192,0.161939,48.0,58.2,17.9,18.4,23.8,27.9,63.9926,2021,-11.3463
Nebraska,101.62,93.6179,0.719743,48.2,49.8,19.7,18.1,23.1,28.9,71.9374,2021,-6.99536
Tennessee Martin,93.5109,112.622,0.105408,45.6,57.3,21.0,20.6,28.7,32.9,67.302,2021,-12.6678
Morehead St.,100.13,97.9925,0.561708,52.2,47.4,23.1,17.7,31.5,25.2,65.2326,2021,-1.92539
Tennessee,107.655,89.9793,0.887213,49.6,46.3,18.2,22.8,31.3,28.7,66.7364,2021,2.34462
Texas St.,99.4843,99.5661,0.497636,51.8,49.7,20.1,22.7,28.6,26.5,62.618,2021,-4.25977
Jackson St.,88.2645,96.2116,0.270627,44.6,43.8,21.6,22.0,29.1,26.6,68.5772,2021,-3.64426
Mississippi,106.055,91.9094,0.838391,48.7,48.4,20.7,22.4,34.7,27.3,65.003,2021,-1.32125
Wyoming,108.84,107.663,0.531222,53.7,52.9,15.9,18.1,22.9,27.8,69.1786,2021,-5.07509
Minnesota,107.151,96.1792,0.775958,45.0,49.7,15.6,19.0,29.2,31.4,70.2002,2021,-1.20919
Illinois,116.916,90.6492,0.949131,55.6,46.5,18.1,16.1,32.2,22.1,70.4505,2021,8.81379
LIU,95.187,103.421,0.27807,47.3,49.9,19.3,20.9,32.9,28.5,73.1927,2021,0.0
UTEP,103.0,99.8447,0.588522,47.5,49.6,16.1,18.9,24.7,25.4,67.4043,2021,-6.37123
Loyola Chicago,109.663,89.1958,0.914955,55.7,47.2,18.3,21.5,27.1,20.9,63.4473,2021,1.84705
Texas,112.673,93.1138,0.899593,52.9,46.0,20.7,17.8,31.1,27.5,68.6542,2021,4.15803
Western Illinois,97.4093,108.724,0.220321,45.8,54.4,17.3,16.1,27.9,23.1,71.5173,2021,-11.3071
Fairleigh Dickinson,101.461,111.458,0.253374,51.8,53.0,19.5,19.3,28.8,33.2,70.7735,2021,-12.0587
West Virginia,116.149,96.4833,0.894094,48.9,51.0,16.8,21.0,35.9,31.1,69.2055,2021,3.02015
Cleveland St.,100.498,101.824,0.462371,50.5,49.1,18.6,20.1,30.7,32.5,65.9943,2021,-2.66908
Southern Illinois,99.6366,101.996,0.433129,52.2,53.1,18.5,19.0,16.6,25.6,66.0172,2021,-7.87188
San Diego St.,111.246,91.5095,0.904305,52.4,47.5,16.7,22.4,30.1,24.3,65.5288,2021,3.07645
Nebraska Omaha,93.6471,106.504,0.185514,46.3,53.5,18.1,16.8,23.2,26.7,71.1119,2021,-14.3348
DePaul,99.3004,95.1725,0.619701,46.1,48.0,22.1,20.1,31.8,31.6,69.9856,2021,-6.00595
UT Rio Grande Valley,90.636,102.015,0.204231,43.0,48.1,19.0,24.1,30.0,34.1,70.28,2021,-7.66944
Chicago St.,85.3143,117.527,0.0245118,41.3,60.1,21.8,16.2,16.6,37.9,70.251,2021,-5.79765
South Dakota,107.362,106.016,0.536219,53.2,49.5,15.4,15.4,21.7,24.4,68.9333,2021,-6.86686
Montana St.,99.366,105.216,0.341229,49.7,49.7,17.8,18.8,24.3,26.7,68.0007,2021,-6.72859
Oklahoma St.,108.501,92.2591,0.865857,51.2,47.1,20.9,19.7,31.3,30.1,72.0105,2021,4.84779
Wagner,101.168,105.933,0.370695,49.1,50.3,18.1,20.9,34.8,28.1,65.0524,2021,-5.05674
Wofford,105.046,103.514,0.54214,54.9,52.0,18.9,18.6,25.5,28.0,65.5877,2021,-4.72131
Cal Poly,91.0675,104.807,0.165759,44.5,50.6,20.3,18.2,22.0,29.9,66.6137,2021,-15.491
Towson,99.0771,111.506,0.204399,45.4,52.6,18.4,16.0,34.1,30.4,65.6409,2021,-10.8123
Delaware St.,91.1587,115.956,0.0591365,45.7,54.7,22.3,18.7,26.3,32.3,73.1723,2021,-13.6748
Prairie View A&M,95.2719,101.526,0.324933,50.3,47.3,19.4,25.7,30.9,31.4,68.7171,2021,-3.01982
Alcorn St.,91.8293,109.868,0.112791,44.4,55.4,20.4,22.1,30.1,30.5,69.271,2021,-9.40044
Liberty,109.022,101.209,0.701654,56.9,47.8,16.0,17.4,23.2,22.8,63.3639,2021,-1.68215
UNC Wilmington,101.773,109.966,0.291042,48.6,51.6,16.1,18.9,26.5,31.5,69.598,2021,-7.99573
Presbyterian,91.8515,107.23,0.144281,46.7,52.9,23.1,22.3,32.6,28.4,65.2828,2021,-12.9589
Michigan,116.558,90.6013,0.947704,54.7,44.4,16.6,14.8,29.6,24.7,66.5686,2021,7.06352
Bellarmine,107.527,107.367,0.50428,55.3,55.4,17.3,22.7,25.8,28.6,64.7783,2021,-4.72813
East Carolina,98.1874,98.804,0.48201,45.2,48.9,18.5,20.6,26.9,27.7,68.0488,2021,-6.16238
Northwestern,103.745,94.1419,0.753439,50.3,50.2,17.2,17.9,19.9,25.9,68.3264,2021,-3.06493
Eastern Illinois,95.5105,108.631,0.185389,49.3,51.9,20.0,18.7,28.8,29.6,68.8593,2021,-13.7386
Buffalo,107.292,96.5909,0.769996,51.2,46.3,18.5,17.5,37.3,27.1,73.0553,2021,-3.40064
Northern Kentucky,102.868,108.294,0.356366,50.6,51.7,18.6,18.9,34.9,32.7,64.8843,2021,-7.80521
Valparaiso,96.2495,99.3819,0.408954,47.2,50.3,18.0,17.8,20.9,26.3,66.9259,2021,-11.4751
Elon,98.0028,100.123,0.43876,48.3,49.6,17.5,17.9,24.6,22.7,66.0079,2021,-6.46291
Appalachian St.,97.629,103.636,0.334763,46.9,50.0,17.7,19.8,28.2,30.2,65.1812,2021,-7.63814
North Alabama,95.2805,106.823,0.211654,48.2,51.3,20.3,18.6,26.1,24.2,69.998,2021,-8.35422
Oklahoma,111.727,95.7621,0.854859,50.8,49.1,15.7,18.5,27.0,27.7,67.0835,2021,0.299118
Mississippi St.,106.922,95.0149,0.795395,50.2,47.1,22.1,17.2,35.8,27.5,65.5381,2021,-3.12935
St. John's,110.342,99.0455,0.775914,50.4,52.6,16.8,21.9,29.2,30.3,73.611,2021,-0.77028
Long Beach St.,97.9048,103.823,0.337384,50.6,49.4,21.0,17.8,23.3,31.3,73.6585,2021,-9.08045
Samford,96.7501,103.868,0.30654,47.9,52.8,21.3,18.4,28.8,25.5,72.8875,2021,-9.70923
Eastern Washington,109.477,101.149,0.712971,54.2,48.0,16.6,16.1,23.6,25.6,72.0005,2021,-3.12345
Kansas St.,98.4277,96.8262,0.547026,47.2,53.0,22.3,19.7,29.9,27.9,65.589,2021,-8.01385
Pepperdine,108.269,99.4799,0.725834,51.2,50.0,17.7,18.1,23.7,26.5,71.1606,2021,-3.86617
Charleston,102.785,108.66,0.345442,51.6,52.0,16.3,17.7,24.2,26.0,63.7412,2021,0.0
UC San Diego,101.69,109.482,0.299638,55.0,54.5,19.6,18.4,16.7,31.7,68.9875,2021,-6.72061
Grambling St.,92.7862,106.606,0.168447,47.8,46.7,21.6,21.0,26.2,31.8,69.7591,2021,-9.07076
Texas Southern,98.0985,103.377,0.35373,47.7,46.8,20.8,19.3,32.4,26.4,71.1344,2021,-4.34724
Colorado,115.689,92.496,0.929107,52.4,47.9,17.1,19.8,30.8,25.5,66.0712,2021,4.86527
VMI,105.947,106.153,0.494403,53.8,50.5,16.9,13.4,22.6,25.7,70.0139,2021,-7.43996
Auburn,110.191,99.1758,0.770506,51.2,49.6,21.9,18.5,35.0,31.7,70.9001,2021,-2.25388
New Orleans,97.5268,107.62,0.243696,52.3,51.4,22.3,21.2,29.3,32.0,72.3073,2021,-12.5133
Idaho St.,92.6132,101.142,0.266379,47.2,48.0,23.5,18.1,30.8,26.3,64.3566,2021,-8.16177
IU Indy,96.7049,106.145,0.255181,49.0,52.7,19.1,19.0,25.4,25.3,71.6414,2021,-7.92283
Western Carolina,100.08,107.072,0.31505,51.8,54.1,19.5,15.9,22.6,24.5,70.3817,2021,-11.5466
Eastern Kentucky,101.474,102.181,0.480058,51.2,51.0,16.6,24.3,26.8,30.2,74.8455,2021,-3.76086
South Carolina St.,86.3332,111.897,0.0482149,44.9,55.6,23.9,22.6,26.2,33.4,72.6072,2021,-14.6288
Idaho,92.4692,111.633,0.10285,48.5,54.3,24.0,17.1,22.0,29.7,66.8972,2021,-17.2926
Stony Brook,94.5486,100.993,0.319014,46.0,48.3,20.1,18.8,30.3,27.1,66.5699,2021,-11.221
Evansville,105.471,110.245,0.375391,53.2,57.4,17.2,18.3,19.1,24.1,62.0316,2021,-10.2674
Saint Peter's,90.5598,95.637,0.348118,45.6,44.9,21.8,22.5,30.4,27.7,66.9682,2021,-8.08754
Virginia,113.724,94.4908,0.893841,55.4,48.0,15.0,15.2,22.7,22.6,59.7051,2021,3.52176
UCF,106.246,98.7016,0.699939,50.1,49.3,21.6,19.5,28.2,31.5,66.7991,2021,-3.06514
Drexel,106.704,104.804,0.551479,53.3,50.1,19.4,15.9,28.7,24.1,64.0715,2021,-4.48358
Charleston Southern,92.3034,107.328,0.150043,46.5,50.7,23.6,17.6,27.4,31.3,69.5226,2021,-15.3165
Northern Iowa,102.341,103.016,0.481086,50.0,52.9,19.1,16.8,26.4,21.9,68.9844,2021,-8.90438
South Carolina,103.169,100.137,0.584918,46.7,53.2,19.8,22.0,32.2,31.3,74.291,2021,-5.55734
Lamar,93.8729,105.767,0.202308,46.0,52.3,20.1,20.0,26.4,28.7,67.9554,2021,-13.8691
Kentucky,108.299,93.8123,0.839079,47.1,46.7,19.8,17.9,32.6,30.5,68.1154,2021,-4.1627
Lafayette,103.507,111.243,0.303872,50.6,50.9,15.0,16.0,23.7,28.5,68.6166,2021,-4.78108
North Carolina Central,92.2142,112.412,0.0929932,46.9,51.0,21.4,20.8,26.4,33.6,65.7612,2021,-6.93546
Wisconsin,112.512,91.3479,0.916554,49.9,47.9,13.6,17.3,23.9,25.2,64.5983,2021,2.06071
Alabama,111.947,89.6721,0.927674,51.7,45.8,18.6,20.5,32.2,29.2,73.3149,2021,6.88226
Tennessee Tech,95.7757,109.452,0.177269,50.1,54.8,22.6,18.1,26.5,27.8,69.0027,2021,-16.8148
NJIT,94.3192,107.721,0.178311,45.9,52.3,16.2,20.9,24.1,29.2,67.7952,2021,-9.73014
Alabama A&M,85.7241,104.771,0.0905087,44.8,44.0,21.4,18.0,28.2,29.4,67.1653,2021,-8.13897
Cal Baptist,105.214,109.521,0.386656,53.9,51.6,19.7,16.1,27.4,28.0,70.4118,2021,-6.90526
La Salle,101.365,105.529,0.386286,50.1,52.1,20.7,19.5,26.8,29.4,68.4767,2021,-8.8903
Tulsa,101.498,98.8658,0.574967,49.0,48.5,20.0,21.7,26.5,32.1,65.7481,2021,-5.31891
Kansas,108.751,91.5795,0.87829,49.4,48.0,17.1,20.0,30.5,26.8,68.1063,2021,4.33764
Grand Canyon,104.403,97.1491,0.695958,52.5,45.5,20.0,16.2,33.6,23.2,64.871,2021,-2.87444
Michigan St.,106.844,94.6874,0.800437,48.1,48.0,18.8,15.2,30.5,26.4,68.3992,2021,1.1704
Cal St. Fullerton,103.129,111.683,0.285708,51.2,54.9,17.6,18.6,24.9,29.1,71.5174,2021,-7.57324
Southeastern Louisiana,91.991,112.1,0.0933397,45.4,55.3,21.9,22.2,31.2,30.0,68.6174,2021,-14.2962
UC Riverside,102.946,97.4825,0.651843,52.5,45.8,17.6,16.4,26.1,23.8,66.5269,2021,-4.31952
Clemson,105.872,91.5286,0.842131,50.0,48.7,19.4,21.6,26.6,26.9,64.2062,2021,2.89508
Central Connecticut,93.1275,111.048,0.116719,48.5,53.9,19.7,20.1,23.7,32.9,70.4878,2021,-13.5377
Coastal Carolina,98.8277,101.139,0.433929,49.7,46.5,21.7,17.9,34.8,26.4,70.6925,2021,-5.22998
North Carolina A&T,93.0855,105.331,0.194456,45.4,52.0,18.6,24.0,27.6,36.1,71.3887,2021,-6.94935
Washington,102.428,100.866,0.544078,48.9,51.2,19.2,17.2,23.4,34.4,70.824,2021,-8.28799
Colorado St.,107.022,97.8109,0.737877,54.1,48.9,19.7,20.0,24.1,26.7,68.7348,2021,0.138306
UMBC,100.228,100.678,0.487114,50.3,46.5,18.8,17.9,25.8,24.3,67.88,2021,-3.77551
Louisiana Monroe,94.0379,104.364,0.231802,48.2,50.4,19.1,21.3,22.9,32.0,67.0033,2021,-16.0182
The Citadel,102.856,109.489,0.327684,51.8,52.8,16.1,13.9,22.5,25.7,73.7927,2021,-8.30521
Hofstra,106.281,107.058,0.47906,50.8,51.1,17.5,17.4,29.3,28.9,68.186,2021,-5.86625
UMass Lowell,98.7173,106.227,0.300873,51.2,48.4,21.0,16.3,27.0,26.6,69.1827,2021,-8.46043
South Alabama,102.37,107.742,0.35705,50.8,49.7,17.7,19.3,26.4,33.0,66.5013,2021,-8.1772
Butler,102.577,98.8764,0.604103,47.5,53.0,17.3,18.6,26.0,25.2,64.4034,2021,-3.81544
SIU Edwardsville,93.07,107.535,0.159588,49.2,52.6,22.8,19.6,26.7,31.8,68.0935,2021,-12.9622
Northern Colorado,98.9939,105.129,0.333705,51.3,49.2,20.4,15.9,24.6,24.3,67.8218,2021,-7.81945
Iowa,123.428,97.1894,0.939826,54.7,48.8,13.3,16.1,30.9,29.1,69.8237,2021,5.48832
Florida A&M,89.5924,102.115,0.181749,48.6,47.9,23.9,21.5,30.6,31.8,67.9818,2021,-8.686
TCU,104.387,100.239,0.614513,49.9,50.7,20.9,17.0,28.9,29.3,66.729,2021,-3.88196
Middle Tennessee,93.3062,103.765,0.227626,45.4,53.0,21.7,19.8,24.9,26.0,69.2385,2021,-13.5518
Oregon,115.897,97.4647,0.879951,54.3,50.8,16.7,20.2,29.0,27.7,67.1321,2021,4.75372
Florida,110.221,94.4037,0.85588,53.1,47.8,21.2,20.2,31.0,30.6,68.2256,2021,1.18038
Saint Joseph's,101.428,104.681,0.410205,48.6,53.6,18.6,17.2,21.8,30.9,72.336,2021,-7.99238
Saint Mary's,99.768,90.2826,0.759305,47.9,47.7,17.0,18.4,25.7,22.0,63.3594,2021,-0.568493
Texas A&M Corpus Chris,90.3949,108.412,0.110062,46.9,51.7,23.8,19.3,24.6,29.3,69.2942,2021,-15.8453
Ohio St.,120.409,97.319,0.920443,52.9,48.7,15.5,14.7,29.3,27.0,66.6032,2021,5.99733
Florida St.,115.21,93.0454,0.921083,54.0,46.1,20.4,19.5,34.4,31.7,69.6441,2021,2.38519
Seton Hall,108.994,95.1834,0.826074,50.0,49.4,18.9,19.2,29.7,29.8,66.8749,2021,-1.1519
North Carolina,109.067,93.0378,0.861525,48.3,49.1,20.4,19.0,40.9,26.4,71.587,2021,2.44104
Houston Christian,91.1461,112.413,0.0822826,48.7,54.1,22.6,18.6,25.7,31.2,72.5085,2021,-14.9294
Lehigh,92.7655,106.472,0.170115,47.1,53.2,18.2,16.9,24.9,23.7,69.4879,2021,-9.43025
Navy,103.688,102.315,0.538261,50.0,52.4,18.2,22.4,32.2,25.0,66.4263,2021,-0.497907
Saint Francis,95.0741,107.83,0.190338,47.9,51.5,20.2,18.6,28.8,28.6,68.5933,2021,0.0
Santa Clara,101.335,98.9593,0.567795,47.7,47.4,17.8,16.9,23.0,24.9,70.6458,2021,-2.88766
Loyola Marymount,107.621,100.114,0.696683,51.7,50.8,23.4,17.3,32.6,20.7,66.1956,2021,-2.31589
Delaware,98.157,101.618,0.401682,49.5,48.1,21.2,17.2,28.3,26.2,66.5247,2021,-6.5708
Miami OH,104.975,104.456,0.514232,50.5,51.8,16.3,18.1,27.9,29.0,65.6032,2021,-6.3634
New Mexico,93.6027,103.146,0.246667,43.9,53.1,21.6,19.7,32.0,29.7,67.3528,2021,-11.2245
Coppin St.,92.0753,100.911,0.258511,48.6,47.9,20.0,20.4,18.5,32.5,76.8737,2021,-9.17036
Temple,101.902,98.8226,0.58731,46.7,47.3,19.5,16.0,25.9,28.1,68.0115,2021,-6.15706
Monmouth,98.7277,104.714,0.336935,48.5,48.6,17.7,20.9,25.7,28.5,74.0955,2021,-6.0376
Southern,91.6441,104.453,0.181765,48.0,47.2,22.0,20.7,29.8,26.7,70.4688,2021,-8.48051
Southern Miss,92.1405,101.606,0.245157,47.3,50.3,20.7,18.8,23.8,23.5,67.0546,2021,-12.7936
California,104.175,99.6874,0.623948,49.4,53.0,19.3,17.6,24.3,25.1,64.8265,2021,-7.53619
Georgia St.,105.935,104.606,0.536235,51.3,48.8,16.8,19.7,30.9,32.5,70.4758,2021,-3.26179
Miami FL,102.382,99.5362,0.580345,47.4,52.5,18.4,17.9,27.0,26.3,67.6984,2021,-6.50993
Georgia,107.727,99.7943,0.706754,50.7,52.5,21.5,21.6,32.8,32.3,73.0639,2021,-2.35579
North Dakota,97.811,108.227,0.237989,49.4,53.2,18.7,16.9,23.5,26.6,67.2984,2021,-12.504
Saint Louis,109.688,95.7924,0.826031,51.6,48.3,17.7,19.9,35.8,22.0,68.0014,2021,-0.814262
Arizona St.,108.178,98.6004,0.743848,49.2,52.5,15.0,20.7,21.4,30.1,72.7075,2021,-2.90102
Purdue Fort Wayne,100.601,110.853,0.246755,58.2,52.5,23.7,17.0,26.2,30.8,69.4229,2021,0.0
Iona,100.872,98.9521,0.555024,50.7,46.0,22.5,19.7,32.6,26.9,67.8054,2021,-3.19033
Stetson,100.888,107.363,0.328407,50.4,52.4,19.6,17.4,28.1,26.8,67.3612,2021,-10.7571
Marshall,108.322,101.951,0.66753,54.8,49.9,16.3,19.8,23.8,28.2,72.7376,2021,-2.64406
Eastern Michigan,99.2006,109.015,0.252582,46.7,58.7,17.1,19.1,24.2,31.6,67.9035,2021,-8.24843
Niagara,99.2909,106.629,0.305778,46.6,49.5,15.2,20.1,23.3,28.4,64.7616,2021,-8.68544
Campbell,103.254,106.449,0.413269,55.7,52.0,18.5,21.5,19.6,30.9,63.9203,2021,-6.56599
Mercer,105.197,102.775,0.566569,54.3,50.2,18.0,16.8,26.1,26.0,67.6204,2021,-6.23147
St. Bonaventure,109.762,93.253,0.866975,49.8,45.5,16.4,19.2,32.8,29.0,64.3888,2021,1.88761
Oregon St.,111.088,96.8268,0.829212,49.0,48.6,17.6,17.9,29.9,29.9,65.154,2021,0.382396
Lipscomb,100.267,106.701,0.328455,51.2,51.5,17.4,18.4,23.2,28.4,66.2342,2021,-8.8018
Kennesaw St.,91.032,104.378,0.171744,45.8,52.2,20.6,17.1,24.1,25.2,69.004,2021,-15.3109
James Madison,104.7,102.732,0.554354,50.5,49.6,16.7,20.8,27.9,28.2,71.7565,2021,-4.51954
Georgetown,108.671,94.7086,0.829413,49.4,48.9,21.5,16.2,32.2,26.9,69.6053,2021,-1.09642
USC Upstate,94.8769,109.447,0.162066,49.0,53.7,20.8,18.7,24.0,29.6,68.4679,2021,-14.6811
Morgan St.,99.9394,105.661,0.345204,48.7,48.0,20.7,22.1,34.5,29.5,71.416,2021,-6.2745
New Hampshire,95.9687,106.851,0.225262,45.3,49.5,16.3,17.9,27.3,22.0,66.1316,2021,-7.55562
Iowa St.,100.624,100.934,0.491161,48.0,52.0,21.1,18.4,24.3,33.0,69.6363,2021,-10.2854
Vermont,105.153,103.394,0.548323,53.3,47.0,18.1,19.0,26.6,23.2,66.1417,2021,-3.79497
Purdue,112.334,94.3036,0.882047,51.0,48.8,18.6,16.8,32.8,24.3,66.2641,2021,3.72775
Drake,110.741,100.586,0.751383,53.4,48.3,15.3,18.4,32.0,25.2,66.1929,2021,1.78142
Marquette,107.339,96.1085,0.780891,50.6,47.7,20.9,15.9,29.1,28.3,67.6618,2021,-2.20491
Holy Cross,99.9817,108.243,0.286388,50.3,52.6,18.3,18.5,26.4,31.5,68.6926,2021,-8.41572
Houston,119.127,91.2658,0.955375,50.4,43.9,16.2,21.1,39.8,27.9,64.2948,2021,4.0483
Hampton,96.2363,110.008,0.176818,49.5,49.2,18.2,17.9,22.2,31.9,70.3698,2021,-12.0078
Western Michigan,95.7449,103.325,0.293963,49.3,50.2,21.1,14.3,23.5,29.4,66.1475,2021,-11.4686
New Mexico St.,105.012,103.321,0.546543,49.4,49.5,18.3,18.6,34.3,26.5,63.756,2021,-5.48759
Ball St.,103.401,101.928,0.541149,51.3,48.9,19.7,17.2,27.8,30.5,70.6112,2021,-7.47009
Milwaukee,101.834,108.13,0.334065,49.5,52.6,15.3,18.6,24.3,26.8,69.4124,2021,-8.78087
Portland,98.4128,111.925,0.185495,46.3,58.9,19.0,17.9,17.8,30.8,71.0667,2021,-9.03701
Albany,98.6818,103.61,0.363459,50.5,51.3,18.0,20.9,22.3,27.3,69.2449,2021,-7.40134
Washington St.,102.346,92.1558,0.769608,47.9,46.6,21.6,18.5,30.7,26.0,67.7446,2021,-2.66171
Tarleton St.,98.9645,102.93,0.388921,48.6,52.1,18.4,23.4,19.3,31.7,64.4107,2021,-7.44524
San Francisco,105.405,98.3301,0.68976,51.3,49.8,16.9,19.9,24.8,24.7,68.2892,2021,-5.87198
Bucknell,100.28,109.245,0.271965,52.0,49.6,17.3,15.7,19.8,28.3,71.5724,2021,-5.57334
Connecticut,114.089,93.5043,0.907896,49.0,46.7,17.5,19.6,37.4,29.5,65.1799,2021,2.03601
Florida Gulf Coast,92.5576,104.611,0.196588,47.7,48.7,20.3,18.8,28.6,29.6,70.7471,2021,-6.56636
San Jose St.,96.9943,110.411,0.18394,44.7,52.6,17.8,14.5,20.0,35.1,72.1408,2021,-10.3342
Utah Valley,100.965,103.924,0.417697,51.4,48.7,21.2,14.8,31.7,24.0,70.0418,2021,-6.76909
Missouri,111.156,95.5617,0.850481,50.8,48.5,18.7,18.0,28.5,28.8,68.2659,2021,2.08216
Cincinnati,102.54,98.5588,0.611914,48.4,49.6,20.5,18.6,29.1,25.3,70.7632,2021,-2.92202
South Dakota St.,109.646,105.676,0.604485,56.5,51.2,17.3,15.3,24.0,21.1,71.0719,2021,-2.80835
Boston University,101.735,108.17,0.330632,49.7,53.6,18.3,15.2,29.0,26.1,65.1951,2021,-7.85015
Air Force,95.767,108.811,0.187169,52.1,57.4,22.6,21.8,15.3,35.4,62.87,2021,-13.555
Texas Tech,111.948,91.8984,0.906326,49.4,47.7,16.0,23.7,33.4,30.0,65.345,2021,0.926593
Bradley,102.993,102.867,0.503513,49.9,51.1,18.9,17.8,28.0,26.2,65.8162,2021,-9.61978
Troy,92.8213,104.494,0.203879,44.4,51.3,21.4,18.0,28.3,26.4,68.1248,2021,-12.9672
Gonzaga,125.912,90.9397,0.976841,61.0,47.7,16.1,19.3,30.1,23.8,73.5317,2021,8.50059
South Florida,100.625,102.24,0.454357,45.1,51.7,20.8,17.8,33.8,26.5,67.051,2021,-5.92303
Army,98.8089,101.479,0.423943,51.8,52.4,18.1,19.4,23.2,24.7,68.5806,2021,-5.2165
Loyola MD,98.1891,101.13,0.415955,51.1,49.3,20.2,19.3,31.3,25.6,67.5504,2021,-8.71548
Belmont,108.044,101.785,0.665133,56.3,49.3,16.6,20.4,26.4,27.2,70.7909,2021,-0.994229
Siena,99.5908,102.414,0.420323,52.0,46.0,19.5,17.8,28.0,27.1,65.4293,2021,-3.64933
Southern Utah,107.452,105.665,0.548062,52.4,51.7,16.0,17.0,29.2,23.9,70.0244,2021,-1.42324
N.C. State,110.795,96.4976,0.830464,53.0,51.3,18.8,21.6,29.6,31.6,67.6549,2021,0.0
Pittsburgh,107.825,100.248,0.698011,48.8,50.0,18.3,17.5,34.5,26.1,68.548,2021,-3.92039
Montana,98.8401,101.979,0.411086,48.9,49.6,19.4,18.2,22.7,29.1,65.6314,2021,-8.09205
Massachusetts,105.565,99.198,0.671603,50.0,50.9,16.3,19.9,24.3,25.6,71.4154,2021,-3.66614
Mount St. Mary's,95.3077,100.931,0.340895,48.6,45.4,20.1,16.0,31.3,24.9,61.6571,2021,-7.22515
Bryant,102.934,103.565,0.482437,53.3,46.7,20.3,17.3,28.3,30.4,74.2809,2021,-3.93815
Syracuse,113.372,96.8007,0.860234,51.2,48.0,16.4,20.2,29.2,34.0,68.5474,2021,0.533037
Jacksonville St.,104.499,103.872,0.517295,52.5,48.1,19.9,15.7,32.2,28.0,65.8535,2021,-5.12436
McNeese St.,95.9052,113.645,0.124358,53.1,54.7,23.0,17.7,27.0,28.1,68.1959,2021,-12.5277
Quinnipiac,92.3655,100.019,0.285888,46.9,44.2,19.4,17.2,21.2,27.8,71.5406,2021,-11.1268
Rhode Island,103.355,98.8652,0.624978,49.2,47.9,19.7,17.5,30.0,26.7,69.1802,2021,-6.91733
Detroit Mercy,107.697,108.884,0.468506,55.1,54.2,16.8,18.5,27.2,29.1,67.0966,2021,0.0
Radford,97.7323,104.408,0.318686,50.5,49.9,23.2,18.0,33.4,24.5,63.6201,2021,-8.69457
East Tennessee St.,102.333,100.413,0.554233,50.3,50.4,20.3,19.8,30.5,26.5,65.5855,2021,-7.20932
Duquesne,102.118,97.478,0.630604,47.6,47.3,19.5,19.6,31.0,30.1,68.726,2021,-4.25241
Virginia Tech,109.479,94.9738,0.836793,52.3,48.9,17.3,17.9,27.8,24.4,66.1083,2021,0.88893
VCU,104.487,90.3338,0.842082,50.9,45.8,20.7,23.6,28.5,31.4,69.7589,2021,1.02044
North Dakota St.,102.757,102.062,0.519495,50.4,49.9,18.7,13.8,28.7,19.7,64.6329,2021,-6.82349
Northwestern St.,96.938,110.455,0.182255,48.9,53.5,19.5,18.0,26.2,31.7,71.0172,2021,-12.3452
Fairfield,95.8327,106.098,0.236809,45.4,49.1,19.6,16.3,28.1,26.6,64.5005,2021,-14.058
Arkansas,109.759,91.413,0.891223,50.7,47.9,17.1,20.1,31.7,26.5,72.5146,2021,4.56412
Cal St. Bakersfield,102.848,102.541,0.50858,48.4,50.6,19.6,20.6,38.5,25.7,63.5841,2021,-5.77033
George Washington,100.768,106.084,0.356362,49.8,51.0,19.7,16.7,24.5,28.5,68.3472,2021,-8.82673
UNC Asheville,99.4748,107.413,0.292559,54.6,49.7,21.2,19.7,26.8,33.2,68.6626,2021,-7.38095
Dayton,107.756,99.5705,0.712709,55.5,48.5,21.2,17.5,23.0,29.0,65.2382,2021,-2.12069
Stephen F. Austin,102.746,102.473,0.507642,55.0,50.9,23.5,24.5,36.7,27.4,69.4555,2021,-2.6524
Arkansas St.,99.6585,105.496,0.34194,48.0,49.6,19.4,17.5,30.8,28.0,67.5508,2021,-10.1358
Southeast Missouri St.,95.4547,105.361,0.24315,49.9,51.9,21.7,19.7,27.6,23.6,68.354,2021,-12.8624
Binghamton,97.5631,110.5,0.192791,48.9,51.5,20.6,16.4,29.2,27.7,66.0336,2021,-12.125
George Mason,101.358,98.7292,0.574972,48.7,50.3,17.6,19.3,30.3,22.9,68.0252,2021,-4.04069
Old Dominion,101.214,99.6617,0.544308,48.6,50.0,18.5,19.5,27.9,25.9,67.234,2021,-3.04928
Green Bay,102.016,109.398,0.309292,49.2,53.5,15.5,16.9,26.0,29.4,66.2252,2021,-12.5197
UNC Greensboro,101.915,97.5464,0.623365,47.9,48.2,15.6,21.1,32.1,25.7,67.9422,2021,-3.36191
Little Rock,97.0121,105.68,0.27207,50.4,50.7,22.4,20.1,31.1,28.0,66.9928,2021,-11.7785
Austin Peay,104.172,107.168,0.419201,50.4,54.8,21.2,22.3,35.7,29.6,66.7074,2021,-10.2912
Rutgers,106.713,92.0863,0.84492,50.1,47.3,16.8,18.9,27.7,29.7,67.4413,2021,1.74894
Nicholls St.,98.6483,104.601,0.337641,51.0,49.2,17.7,20.7,28.9,28.3,71.3558,2021,-3.94126
Sacramento St.,102.437,111.199,0.280108,50.6,55.6,14.9,18.8,24.5,28.0,64.7455,2021,-8.88179
William & Mary,94.7237,106.16,0.212353,46.1,51.0,20.2,16.9,28.6,31.8,67.9593,2021,-7.0303
Colgate,110.428,100.392,0.749442,56.6,45.8,14.7,16.3,28.2,25.3,71.6788,2021,0.369841
USC,114.305,90.5091,0.936096,52.7,44.9,18.0,16.9,35.0,28.3,66.8426,2021,5.54184
Merrimack,92.9609,101.958,0.25685,51.4,48.0,19.9,21.8,20.8,31.6,65.9673,2021,-7.61187
UNLV,103.425,103.861,0.487917,50.7,51.9,19.6,17.7,28.8,25.0,65.8049,2021,-7.84634
Illinois St.,98.2106,103.34,0.357668,50.4,51.6,19.3,16.7,23.7,26.3,69.0213,2021,-11.9791
Manhattan,92.4725,103.452,0.215817,42.6,47.9,20.7,22.4,31.9,29.6,66.8186,2021,-11.1152
Utah,112.543,97.5429,0.838211,53.1,51.2,18.4,19.6,23.6,29.5,67.3472,2021,-1.96778
Louisiana Tech,103.522,94.6687,0.736541,50.5,46.3,18.2,19.2,26.9,24.1,69.3978,2021,-1.55833
Youngstown St.,101.878,108.463,0.327321,48.7,54.3,16.8,18.7,33.1,29.0,67.1783,2021,-9.25376
Jacksonville,92.7073,105.769,0.180083,48.8,51.4,20.0,20.8,24.7,30.5,67.9458,2021,-10.2567
Tennessee St.,92.1056,106.293,0.161438,47.0,50.9,20.9,22.1,24.8,30.6,70.7762,2021,-16.2503
Stanford,105.052,92.761,0.807046,51.4,48.3,21.0,20.3,25.1,28.7,69.1901,2021,-0.578221
Longwood,98.542,104.57,0.335649,49.9,51.8,19.8,20.4,27.7,27.3,64.9871,2021,-12.4172
Sacred Heart,99.8185,112.638,0.199495,48.0,50.7,18.7,15.3,29.6,31.8,66.259,2021,-7.03821
Western Kentucky,105.977,97.926,0.712712,50.5,49.4,20.4,18.9,31.8,24.2,67.6269,2021,-0.341715
UT Arlington,98.4163,106.245,0.29314,46.1,50.0,16.1,19.6,26.9,32.3,69.3011,2021,-9.50282
Fordham,87.6283,100.495,0.171426,41.4,51.5,20.8,19.2,19.2,30.4,63.2685,2021,-8.3952
Alabama St.,86.6512,111.97,0.0498336,43.5,48.9,22.3,20.6,29.5,29.6,69.8981,2021,-13.19
Wichita St.,108.358,97.3197,0.774789,47.1,47.0,15.8,18.2,29.8,33.3,67.0127,2021,1.3027
Oakland,102.41,108.655,0.336104,48.7,55.4,17.8,18.7,30.0,33.6,69.9965,2021,-11.536
Boise St.,107.935,96.9289,0.775013,52.3,49.2,16.8,19.9,26.8,23.5,68.9128,2021,-0.844615
